****************** Settings ******************

KnapSack Global Settings : 
   Max Iteation = 85;   Execution Time = 0.2 /sec;   Test Iteration = 30;   Population Size = 80

KnapSack PSO Settings : 
   C1 = 2;   C2 = 2;   W = 0.9

**********************************************

Best Fitness Found : 
141 152 191 188 252 271 326 306 361 365 498 477 599 602 739 714 876 821 911 850 1049 1024 1152 1154 1725 1713 2333 2293 2894 2897 
 
Average Fitness Found  : 
131 130 185 170 235 240 295 285 340 347 465 434 566 572 691 668 793 783 865 822 999 993 1116 1119 1689 1680 2282 2229 2832 2790 
 
Fitness Ecart : 
10 22 6 18 17 31 31 21 21 18 33 43 33 30 48 46 83 38 46 28 50 31 36 35 36 33 51 64 62 107 
 
Total Execution Time /sec : 
1.284780e+04 Second(s)
 
Total Execution Time /min : 
2.141300e+02 Minute(s)
 
Average Time for each Test /sec : 
4.282601e+02 Second(s)
 
 
################ Best Chrome for-each Test Category ################

 
Best Chrom For Test 1 :
0  0  0  0  0  0  0  1  1  0  1  1  0  0  0  0  0  1  0  0 

 
Best Chrom For Test 2 :
0  1  0  0  0  0  1  1  0  0  0  1  1  0  0  0  1  0  0  0 

 
Best Chrom For Test 3 :
0  0  0  1  1  0  0  0  0  1  0  1  1  0  0  0  0  0  0  1  0  0  0  0  1  0  0  0  0  0 

 
Best Chrom For Test 4 :
0  1  1  0  0  1  0  1  1  0  1  0  1  0  0  0  0  1  0  0  0  0  0  0  0  0  0  0  0  0 

 
Best Chrom For Test 5 :
0  0  0  0  0  0  0  0  0  0  0  0  0  1  0  0  1  0  1  1  0  0  0  0  1  0  1  0  0  0  0  0  1  0  0  1  1  1  0  0 

 
Best Chrom For Test 6 :
0  0  0  0  0  0  0  0  1  0  0  1  0  0  0  0  0  0  0  0  1  1  0  0  0  0  1  0  1  0  1  1  1  0  1  1  0  0  0  0 

 
Best Chrom For Test 7 :
0  0  0  0  0  0  0  0  0  0  0  0  0  0  0  0  0  0  0  0  0  0  0  1  0  1  1  0  1  0  0  1  1  1  0  0  1  0  0  0  1  0  1  0  1  1  0  0  0  1 

 
Best Chrom For Test 8 :
0  0  0  0  0  0  0  0  0  0  0  0  0  0  1  1  1  0  1  0  0  1  0  1  1  1  0  1  1  0  0  0  0  0  1  0  0  1  0  0  0  0  0  0  0  0  1  0  0  0 

 
Best Chrom For Test 9 :
0  0  0  0  0  0  0  0  0  0  0  0  0  1  0  0  0  1  0  1  1  0  0  0  0  0  0  0  0  0  0  0  1  0  0  1  0  1  0  1  0  0  1  0  0  0  1  1  1  0  1  0  1  0  0  1  0  0  1  0 

 
Best Chrom For Test 10 :
0  0  0  0  0  0  0  0  0  0  0  0  0  0  0  0  0  0  0  0  0  0  0  0  0  0  0  1  1  1  0  0  0  0  0  1  1  0  1  1  1  1  1  0  0  1  0  0  1  1  0  1  0  0  0  1  0  0  1  0 

 
Best Chrom For Test 11 :
0  0  0  0  0  0  0  0  0  0  1  0  0  0  0  1  0  1  0  0  0  0  0  0  0  0  0  0  0  0  0  0  0  0  0  1  0  0  1  0  1  0  1  1  1  1  1  0  0  0  0  0  0  0  0  0  0  1  1  1  0  1  0  0  1  1  0  0  1  1  1  0  0  0  0  0  1  0  0  0 

 
Best Chrom For Test 12 :
0  0  0  0  1  1  0  1  1  1  0  0  0  0  0  1  1  0  0  0  0  0  0  1  1  0  0  0  0  0  0  0  0  0  0  1  0  0  1  0  1  0  1  0  0  0  0  1  0  0  0  0  0  0  0  0  1  0  1  0  0  0  0  0  0  1  0  0  0  1  0  0  1  0  0  0  0  0  1  0 

 
Best Chrom For Test 13 :
1  1  1  1  1  1  0  1  1  0  1  0  0  0  0  0  1  0  0  1  1  0  0  1  0  1  1  0  0  0  1  0  0  0  0  1  1  0  0  1  0  0  0  0  0  0  0  0  1  0  0  0  0  0  0  1  0  0  0  0  0  0  0  0  0  1  0  0  0  0  0  0  0  0  0  0  0  0  1  1  0  0  0  0  1  0  0  0  0  0  0  1  0  0  0  0  0  0  0  0 

 
Best Chrom For Test 14 :
0  0  0  0  0  0  0  0  0  0  0  0  0  0  0  0  0  0  0  0  0  0  0  0  0  0  0  0  0  0  0  0  0  0  0  0  0  0  0  0  0  0  0  0  0  1  0  0  0  1  1  0  0  0  0  1  1  1  1  1  0  0  0  0  1  1  1  1  0  1  1  0  0  1  0  1  0  1  0  1  0  1  0  0  0  0  0  1  0  0  0  1  1  0  1  1  0  1  0  1 

 
Best Chrom For Test 15 :
0  0  0  0  0  0  0  0  0  0  0  0  0  1  1  0  0  0  1  0  1  1  0  0  0  0  1  1  1  1  1  0  0  1  1  1  1  0  1  0  1  0  0  1  0  0  1  1  0  1  1  0  1  0  0  0  1  1  0  1  0  0  0  0  1  1  1  0  0  1  0  1  0  0  1  0  0  0  0  0  0  0  0  0  0  0  0  0  0  0  0  0  0  0  0  0  0  0  0  0  0  0  0  0  0  0  0  0  0  0  0  0  0  0  0  0  0  0  0  0 

 
Best Chrom For Test 16 :
0  0  0  0  0  0  0  0  0  0  0  0  0  0  0  0  0  0  0  0  0  0  0  0  0  0  0  0  0  0  0  0  0  0  0  0  0  1  0  1  1  1  0  0  1  0  1  1  0  0  0  1  0  0  0  0  0  1  1  1  1  0  0  0  0  1  0  1  0  0  0  0  1  0  0  0  1  1  0  1  1  0  1  0  1  0  0  1  0  0  0  1  0  0  0  0  0  0  0  0  1  1  0  0  0  0  1  0  1  1  0  1  0  1  1  0  0  0  0  0 

 
Best Chrom For Test 17 :
0  0  1  1  0  1  1  0  1  1  1  0  1  0  0  1  1  0  0  1  1  0  1  1  0  0  1  1  1  1  0  0  1  0  0  0  0  0  1  0  1  1  1  1  1  1  0  0  1  0  1  1  1  1  0  0  1  0  0  0  0  0  1  0  0  1  0  0  0  0  0  0  0  0  0  0  1  0  0  0  0  0  1  1  0  0  0  0  0  0  0  0  0  0  0  0  0  0  0  0  0  0  0  0  0  0  0  0  0  0  0  0  0  0  0  0  0  0  0  0  0  0  0  0  0  0  0  0  0  0  0  0  0  0  0  0  0  0  0  0 

 
Best Chrom For Test 18 :
0  0  0  0  0  0  0  0  0  0  0  0  0  0  0  0  0  0  0  0  0  0  0  0  0  0  0  0  0  0  0  0  0  0  0  0  0  0  0  0  0  0  0  0  0  0  0  0  0  0  0  0  0  0  1  0  1  0  0  0  1  1  1  0  0  0  0  0  0  0  0  1  1  1  0  1  1  1  0  0  0  1  0  0  1  1  0  1  1  0  0  0  0  0  1  1  1  0  1  0  1  1  0  0  0  1  0  1  1  0  0  1  0  0  0  0  1  0  0  1  1  1  0  0  1  0  0  0  1  0  1  0  0  1  0  0  0  0  1  0 

 
Best Chrom For Test 19 :
1  1  1  0  1  0  0  0  1  0  0  0  0  0  1  1  0  0  0  1  0  0  0  1  1  0  1  0  1  0  0  0  0  0  1  0  0  0  0  1  0  0  1  0  0  1  1  0  0  0  0  0  0  0  0  1  1  1  1  1  1  0  0  0  1  1  0  0  0  1  0  1  0  1  1  1  0  1  0  0  0  0  1  0  0  1  0  0  0  1  0  0  0  0  0  0  0  0  0  0  0  0  0  0  0  0  0  0  0  0  0  0  1  1  0  0  0  1  0  0  0  0  0  0  0  0  0  0  0  0  0  0  0  0  0  0  0  0  0  0  0  0  0  0  0  0  0  0  0  0 

 
Best Chrom For Test 20 :
0  0  0  0  0  1  1  1  1  1  1  1  1  1  0  0  1  1  1  0  0  1  0  1  0  0  1  0  1  0  1  1  1  0  1  1  1  1  1  0  1  0  0  0  1  1  1  1  0  0  1  0  0  1  0  0  0  0  0  0  0  0  0  1  0  0  0  0  0  0  0  0  0  0  0  0  0  0  0  0  0  0  0  0  0  0  0  0  0  0  0  0  0  0  1  1  0  0  0  0  0  0  0  0  0  0  0  0  0  0  0  0  0  1  0  0  0  0  0  0  0  0  0  0  0  0  0  0  0  0  1  0  0  0  0  0  1  0  0  0  0  0  0  0  0  0  0  0  0  0 

 
Best Chrom For Test 21 :
1  1  1  1  1  0  1  0  1  1  0  1  1  0  0  1  1  1  0  0  1  0  1  0  1  0  1  1  1  0  0  0  1  1  1  0  1  1  0  0  1  1  0  0  0  0  1  1  1  0  0  0  1  0  1  0  1  1  1  0  0  1  0  0  1  0  1  0  0  1  0  0  0  0  0  0  0  0  0  0  0  0  0  0  0  0  0  1  0  1  0  0  0  0  0  0  0  0  0  0  0  1  0  0  0  0  0  0  0  0  0  0  0  0  0  0  0  0  0  0  0  0  0  0  0  0  0  0  0  0  0  0  0  0  0  0  0  0  0  0  0  0  1  0  1  0  0  0  0  0  0  0  0  0  0  0  0  0  0  0  0  0  0  0  0  0  0  0  1  0  0  0  0  0  0  0  0  0  0  0 

 
Best Chrom For Test 22 :
0  0  0  0  0  0  0  0  0  0  0  0  0  0  0  1  0  0  0  0  1  0  1  0  0  0  0  0  0  0  0  0  0  0  0  0  0  0  0  0  0  0  0  0  0  0  0  0  1  0  0  0  0  0  0  0  0  0  1  1  1  0  0  0  0  0  0  0  0  0  0  0  0  0  0  0  0  0  0  0  0  0  1  1  0  0  0  1  0  0  1  1  0  1  0  0  1  0  0  0  0  1  0  0  0  1  1  0  1  1  0  1  1  1  1  1  1  0  0  0  0  1  1  0  1  0  0  1  1  1  1  0  1  0  0  0  0  0  0  0  0  0  0  1  0  0  1  1  1  1  0  0  0  0  0  0  0  0  0  1  0  0  0  0  1  0  1  0  0  0  0  1  1  0  0  0  0  1  1  0 

 
Best Chrom For Test 23 :
0  0  0  0  0  0  0  0  0  0  0  0  0  0  0  0  0  0  0  0  0  0  0  0  0  0  0  0  0  0  0  0  0  0  0  0  0  0  0  0  0  0  0  0  0  0  0  0  0  0  0  0  0  0  0  0  0  0  0  0  0  0  0  0  0  0  0  0  0  0  0  0  0  0  0  0  0  0  0  0  0  0  0  0  0  0  0  0  0  0  0  0  0  0  0  0  0  0  0  0  0  0  0  0  0  0  0  0  0  0  0  0  0  0  0  0  0  0  0  0  0  0  0  0  0  0  0  0  0  0  0  0  0  0  0  0  0  0  0  0  0  0  0  0  0  0  0  0  1  1  1  1  1  1  1  1  1  1  1  1  1  1  1  1  1  1  1  1  1  1  1  1  1  1  1  1  1  1  1  1  1  1  1  1  1  1  1  1  1  1  1  1  1  1  1  1  1  1  1  1 

 
Best Chrom For Test 24 :
0  0  0  0  0  1  0  1  1  1  1  1  0  0  1  1  1  1  1  0  1  1  1  1  0  0  1  1  0  0  0  1  0  1  0  0  0  0  1  0  0  1  1  1  1  0  0  0  1  1  1  1  1  1  1  0  0  0  1  0  0  0  1  0  0  1  1  0  1  1  1  0  0  1  0  0  0  0  0  0  0  0  0  0  1  0  0  0  0  0  1  0  1  0  0  0  1  0  0  0  0  0  1  1  1  1  0  0  1  0  0  0  0  0  0  0  0  0  0  0  0  0  0  0  0  0  0  0  0  0  0  1  0  0  0  0  0  0  0  0  0  0  0  0  0  0  0  0  0  0  0  0  0  0  1  0  0  0  0  0  0  0  0  0  0  0  0  0  0  0  0  0  0  0  0  0  0  0  0  0  0  0  0  0  1  0  0  0  0  0  0  0  0  0  0  0  0  0  0  0 

 
Best Chrom For Test 25 :
0  0  0  0  0  0  0  0  0  0  0  0  0  0  0  0  0  0  0  0  0  0  0  0  0  0  0  0  0  0  0  0  0  0  0  0  0  0  0  0  0  0  0  0  0  0  0  0  0  0  0  0  0  0  0  0  0  0  0  0  0  0  0  0  0  0  0  0  0  0  0  0  0  0  0  0  0  0  0  0  0  0  0  0  0  0  0  0  0  0  0  0  0  0  0  0  0  0  0  0  0  0  0  0  0  0  0  0  0  0  0  0  0  0  0  0  0  0  0  0  0  0  0  0  0  0  0  0  0  0  0  0  0  0  0  0  0  0  0  0  0  0  0  0  0  0  0  0  0  0  0  0  0  0  0  0  0  0  0  0  0  0  0  0  0  0  0  0  0  0  0  0  0  0  0  0  0  0  0  0  0  0  0  0  0  0  0  0  0  0  0  0  0  0  0  0  0  0  0  0  0  0  0  0  0  0  0  0  0  0  0  0  0  0  0  0  0  0  0  0  0  0  0  0  1  1  1  1  1  1  1  1  1  1  1  1  1  1  1  1  1  1  1  1  1  1  1  1  1  1  1  1  1  1  1  1  1  1  1  1  1  1  1  1  1  1  1  1  1  1  1  1  1  1  1  1  1  1  1  1  1  1  1  1  1  1  1  1  1  1  1  1  1  1  1  1  1  1  1  1 

 
Best Chrom For Test 26 :
0  0  0  0  0  0  0  0  0  0  0  0  0  0  0  0  0  0  0  0  0  1  1  1  1  1  0  0  0  0  0  0  1  1  0  1  1  1  0  0  0  1  1  1  1  1  0  0  1  1  1  0  0  1  1  0  0  1  1  1  0  0  1  0  1  0  1  0  1  0  1  1  1  1  0  0  1  1  1  1  1  0  1  0  0  0  1  1  0  1  0  1  0  1  0  1  1  1  1  1  1  1  1  1  1  1  1  1  1  0  0  1  1  1  1  0  1  0  0  0  1  0  0  1  1  0  0  0  0  1  0  0  0  1  0  1  0  0  0  0  1  0  0  0  0  0  0  0  0  0  0  0  0  0  0  0  0  0  0  0  0  0  0  0  0  0  0  0  0  0  0  0  0  0  0  0  0  0  0  0  0  0  0  0  0  0  0  0  0  0  0  0  0  1  0  0  0  0  0  0  0  0  0  0  0  0  0  0  0  0  0  1  0  0  1  0  0  0  0  0  0  0  0  0  0  0  0  0  0  0  0  0  0  0  0  0  0  0  0  0  0  0  0  0  0  1  1  0  0  0  0  0  0  0  0  0  0  0  1  0  0  0  0  0  0  0  0  0  0  0  1  0  0  0  0  0  0  0  0  0  0  0  0  0  0  0  0  0  0  0  0  0  0  0  0  0  0  0  0  0 

 
Best Chrom For Test 27 :
0  0  0  0  0  0  0  0  0  0  0  0  0  0  0  0  0  0  0  0  0  0  0  0  0  0  0  0  0  0  0  0  0  0  0  0  0  0  0  0  0  0  0  0  0  0  0  0  0  0  0  0  0  0  0  0  0  0  0  0  0  0  0  0  0  0  0  0  0  0  0  0  0  0  1  0  0  1  1  0  0  1  1  0  0  1  0  0  1  0  1  0  1  1  0  0  1  1  0  0  0  0  1  1  0  0  1  1  1  0  0  0  0  1  0  0  1  0  1  1  0  0  0  0  0  1  0  1  0  1  1  0  0  1  1  0  0  0  1  1  0  0  0  0  0  0  0  1  0  0  0  0  0  0  0  0  1  1  1  1  0  0  1  1  0  0  0  1  0  0  0  1  0  0  0  1  0  0  1  1  0  0  0  1  0  0  0  0  1  0  0  0  0  0  1  0  1  0  0  0  1  0  0  0  0  0  0  1  1  0  0  1  1  1  1  1  0  0  0  0  0  1  1  1  0  0  0  1  0  1  1  0  0  0  0  0  0  1  1  0  0  0  0  0  0  1  0  0  0  0  0  0  0  0  0  0  0  0  1  0  0  0  1  0  0  0  0  1  1  1  0  0  0  1  0  0  0  0  0  0  1  0  0  0  0  0  1  0  0  0  0  0  0  0  1  1  1  1  0  0  1  0  1  0  0  1  1  0  0  1  0  0  0  0  1  0  0  0  0  0  0  0  0  0  0  0  1  0  0  0  0  0  0  0  0  0  1  0  0  1  0  0  0  0  0  0  0  1  0  0  0  1  1  0  0  1  1  0  0  0  1  0  0  1  1  0  0  0  1  0  0  0  0  1  0  0  0  0  1  0  1  0  0  1  0  0  0  0  1  1  0  0  0  0  0  1  1  1  1  0 

 
Best Chrom For Test 28 :
1  0  0  0  0  1  0  1  0  0  0  1  0  0  0  0  1  1  1  0  1  0  1  1  1  1  0  1  0  1  0  0  1  1  0  1  1  0  0  1  0  1  0  0  1  1  0  1  1  1  0  0  0  0  0  1  1  1  1  1  0  0  0  1  1  0  1  0  0  1  0  0  1  1  0  0  0  1  0  1  0  0  0  0  1  1  1  1  0  1  0  1  0  1  1  0  0  1  0  1  1  0  0  1  0  0  0  1  0  1  0  0  0  1  1  0  1  0  1  1  0  1  0  0  1  0  0  1  1  1  0  1  0  0  0  0  0  0  0  0  0  0  0  1  0  1  1  0  0  1  1  0  0  1  0  0  0  1  0  0  1  0  0  0  1  0  1  0  0  1  1  0  1  1  0  1  0  0  0  1  0  1  0  0  0  1  1  1  0  0  0  1  1  0  0  0  1  0  0  1  0  1  0  0  0  1  0  1  0  0  0  1  0  0  0  0  0  0  0  0  0  0  0  1  0  0  0  0  0  0  0  0  0  0  0  0  0  0  0  0  0  0  0  0  0  0  0  0  0  0  0  0  0  0  0  0  0  0  0  0  0  0  0  0  0  0  1  0  0  0  0  0  0  0  0  0  0  0  0  0  0  0  0  0  0  0  0  0  0  0  0  0  0  0  0  0  0  0  0  0  0  0  1  0  0  0  0  1  0  0  1  0  0  0  0  1  0  0  0  0  0  0  0  0  0  0  0  0  0  0  0  0  0  0  0  0  1  0  0  0  0  0  1  0  0  0  0  0  0  1  0  0  0  0  0  0  0  0  1  0  0  0  0  0  0  0  0  0  0  0  0  0  0  0  0  0  0  0  0  0  0  0  0  0  0  0  0  0  0  0  0  1  0  0  0  0  0  0  0  0 

 
Best Chrom For Test 29 :
0  0  0  0  0  0  0  0  0  0  0  0  0  0  0  0  0  0  0  0  0  0  0  0  0  0  0  0  0  0  0  0  0  0  0  0  0  0  0  0  0  0  0  0  0  0  0  0  0  0  0  0  0  0  0  0  0  0  0  0  0  0  0  0  0  0  0  0  0  0  0  0  0  0  0  0  0  0  0  0  0  0  0  0  0  0  0  0  0  0  0  0  0  0  0  0  0  0  0  0  0  0  0  0  0  0  0  0  0  0  0  0  0  0  0  0  0  0  0  0  0  0  0  0  0  0  0  0  0  0  0  0  0  0  0  0  0  0  0  0  0  0  0  0  0  0  0  0  0  0  0  0  0  0  0  0  0  0  0  0  0  0  0  0  0  0  0  0  0  0  0  0  0  0  0  0  1  1  0  1  1  1  1  0  0  1  1  0  0  0  0  0  0  1  0  1  0  0  0  1  1  0  0  0  1  0  1  1  1  0  1  0  0  0  0  0  0  0  0  0  0  0  0  0  1  0  1  1  1  1  1  0  0  0  1  0  1  1  0  0  1  1  0  1  0  1  1  1  0  1  1  0  0  0  1  1  1  1  0  1  1  0  1  0  0  1  0  0  0  0  0  0  0  0  1  0  0  1  0  0  0  0  1  0  1  0  1  0  0  0  1  0  0  0  0  0  1  0  0  0  0  0  0  1  0  0  0  0  0  0  1  0  1  1  1  1  0  1  0  1  0  0  1  0  1  1  1  1  1  1  0  0  0  0  0  1  0  1  0  0  1  0  1  0  1  0  1  0  1  0  0  0  1  0  0  0  1  0  0  1  0  0  0  0  0  0  1  1  1  0  0  0  1  1  0  0  1  1  1  0  1  1  1  0  0  0  1  0  0  0  0  0  0  0  0  1  1  1  0  0  1  1  0  1  1  0  0  1  0  1  1  0  0  1  1  0  0  1  0  1  0  0  0  1  0  1  0  1  1  0  0  0  0  0  1  0  0  0  1  1  0  0  0  0  0  0  0  0  0  0  1  1  0  0  0  1  0  0  0  1  0  0  1  0  1  0  0  0  0  0  0  1  1  0  0  0  0  1  1  0  1  1  0  1  0  0  0  1  1  1  0  1  1  0  0  0  0  1  0  1 

 
Best Chrom For Test 30 :
0  0  0  0  0  0  0  0  0  0  0  0  0  0  0  0  0  0  0  0  0  0  0  0  0  0  0  0  0  0  0  0  0  0  0  0  0  0  0  0  0  0  0  0  0  0  0  0  0  0  0  0  0  0  0  0  0  0  0  0  0  0  0  0  0  0  0  0  0  0  0  0  0  0  0  0  0  0  0  0  0  0  0  0  0  0  0  0  0  0  0  0  0  0  0  0  0  0  0  0  0  0  0  0  0  0  0  0  0  0  0  0  0  0  0  0  0  0  0  0  0  0  0  0  0  0  0  0  0  0  0  0  0  0  0  0  0  0  0  0  0  0  0  0  0  0  0  0  0  0  0  0  0  0  0  0  0  0  0  0  0  0  0  0  0  0  0  0  0  0  0  0  0  0  0  0  0  0  0  0  0  0  0  0  0  0  0  0  0  0  0  0  0  0  1  0  1  0  0  0  1  1  0  0  0  1  1  0  0  0  1  0  1  1  1  0  0  1  0  0  0  0  1  0  0  1  0  0  0  0  1  0  1  0  1  0  0  1  0  1  0  1  0  1  1  1  0  0  0  0  0  1  1  0  1  1  0  0  1  0  1  0  1  0  0  0  0  1  1  0  0  0  0  0  1  0  1  0  0  0  1  0  1  1  0  0  0  0  1  0  0  0  0  1  0  0  0  0  1  1  0  0  0  1  1  1  0  0  1  0  1  1  1  0  1  0  1  0  1  1  0  0  0  1  1  0  0  0  0  1  0  0  0  0  0  1  1  1  0  0  0  0  1  0  1  1  0  1  1  1  1  0  1  1  0  1  0  1  0  0  1  1  0  1  1  0  1  0  0  0  1  0  1  1  0  1  0  0  0  1  0  0  1  0  0  0  0  0  0  1  1  0  0  0  1  0  0  1  0  1  0  1  0  0  0  1  1  0  1  0  0  0  0  0  0  1  0  0  0  0  1  1  1  1  0  1  0  0  1  0  0  1  1  1  0  0  0  1  1  1  1  0  0  1  0  1  1  1  0  1  1  0  0  1  0  1  0  1  0  0  1  0  0  0  0  1  0  0  1  0  1  1  0  0  0  1  0  0  0  1  1  1  1  1  1  0  1  0  1  0  0  0  1  0  0  0  0  0  0  1 
