****************** Settings ******************

KnapSack Global Settings : 
   Max Iteation = 100;   Execution Time = 0.2 /sec;   Test Iteration = 30;   Population Size = 80

KnapSack PSO Settings : 
   C1 = 2;   C2 = 2;   W = 0.9

**********************************************

Best Fitness Found : 
113 129 189 200 236 237 323 277 349 353 472 461 577 588 702 698 810 838 871 864 1055 1016 1117 1163 1742 1702 2314 2282 2920 2884 
 
Average Fitness Found  : 
94 118 175 164 215 206 268 259 315 320 447 417 543 540 646 646 759 774 832 817 981 966 1081 1097 1665 1641 2251 2211 2804 2772 
 
Fitness Ecart : 
19 11 14 36 21 31 55 18 34 33 25 44 34 48 56 52 51 64 39 47 74 50 36 66 77 61 63 71 116 112 
 
Total Execution Time /sec : 
7.118556e+02 Second(s)
 
Total Execution Time /min : 
1.186426e+01 Minute(s)
 
Average Time for each Test /sec : 
2.372852e+01 Second(s)
 
 
################ Best Chrome for-each Test Category ################

 
Best Chrom For Test 1 :
0  0  0  1  1  0  1  0  1  0  0  0  0  0  0  0  1  0  0  0 

 
Best Chrom For Test 2 :
0  1  1  0  0  1  0  1  0  0  0  0  0  1  0  0  0  0  0  0 

 
Best Chrom For Test 3 :
0  1  0  0  0  1  0  1  0  0  0  1  0  0  0  0  0  1  0  0  0  0  0  0  0  1  0  1  1  0 

 
Best Chrom For Test 4 :
0  0  0  0  0  0  0  1  0  1  0  1  0  1  0  1  0  1  0  0  1  0  0  0  0  1  0  0  0  0 

 
Best Chrom For Test 5 :
0  0  0  0  0  0  0  0  1  0  0  0  0  1  0  1  0  1  1  1  0  1  0  0  0  1  0  0  0  0  0  0  0  0  0  0  0  1  1  0 

 
Best Chrom For Test 6 :
0  0  0  0  0  0  0  1  0  0  0  0  0  1  0  0  0  0  1  0  0  1  1  0  0  1  0  0  1  0  1  1  0  0  0  0  0  0  0  1 

 
Best Chrom For Test 7 :
0  1  1  0  0  1  0  1  1  0  1  0  0  0  1  0  1  1  0  0  0  0  0  1  0  1  0  0  0  0  0  0  0  0  0  0  0  0  0  0  1  0  0  0  0  1  0  0  0  0 

 
Best Chrom For Test 8 :
0  0  0  0  0  0  0  0  0  1  1  0  1  1  0  0  1  0  0  0  0  0  0  0  0  1  0  0  1  0  1  0  0  0  1  0  0  0  0  1  0  0  0  0  0  0  1  0  1  0 

 
Best Chrom For Test 9 :
0  1  0  0  0  0  0  1  1  0  0  0  1  0  0  1  1  0  0  0  0  1  0  1  0  0  1  0  1  1  0  0  0  0  0  0  1  0  0  0  1  0  0  0  0  0  0  0  0  0  1  0  0  0  0  0  0  1  0  0 

 
Best Chrom For Test 10 :
0  0  0  0  1  1  1  0  0  0  0  0  0  0  0  1  0  1  0  0  1  0  0  0  0  0  0  0  0  0  0  0  0  0  1  1  0  0  0  1  0  0  1  0  0  0  0  1  0  1  1  1  0  0  0  0  0  1  0  0 

 
Best Chrom For Test 11 :
0  0  0  0  1  1  0  0  1  1  0  0  0  0  0  0  0  0  0  1  0  0  0  0  1  1  0  0  0  0  0  1  0  1  0  0  0  0  0  0  1  0  0  0  0  0  0  0  0  1  0  0  1  0  0  0  1  0  0  1  0  1  0  0  1  0  1  1  0  1  1  0  0  0  0  0  0  1  0  0 

 
Best Chrom For Test 12 :
0  0  0  0  0  0  0  1  0  0  0  0  0  1  1  0  0  0  1  0  0  0  0  1  0  1  0  1  0  0  1  0  0  0  0  1  0  0  1  0  0  0  0  1  0  0  0  1  0  1  0  0  0  0  0  1  0  0  0  0  0  0  0  1  0  1  0  0  0  1  0  1  0  0  1  1  0  0  0  0 

 
Best Chrom For Test 13 :
1  1  0  1  0  0  0  0  0  0  1  1  0  0  0  0  0  1  1  0  0  0  1  0  0  0  1  0  1  0  0  0  0  0  0  0  0  0  0  0  0  0  1  0  0  0  0  0  0  1  0  0  0  1  0  0  0  0  0  0  0  0  0  0  0  0  0  0  1  0  0  0  1  0  0  1  0  1  0  1  0  1  0  0  0  0  0  0  0  1  0  0  1  1  1  0  0  0  0  1 

 
Best Chrom For Test 14 :
1  1  0  0  1  0  0  0  0  0  0  0  0  0  0  0  0  0  0  1  1  0  0  1  0  0  0  1  0  0  0  0  0  0  0  0  0  0  0  0  1  0  0  0  1  1  0  1  0  0  1  0  0  0  1  0  1  1  1  0  0  0  0  0  0  0  0  0  0  1  0  0  0  1  1  0  0  1  0  0  0  0  0  0  0  0  0  0  0  0  1  0  0  1  1  0  0  1  0  1 

 
Best Chrom For Test 15 :
0  1  0  0  1  0  0  0  0  1  0  1  0  0  0  1  1  0  0  0  0  0  0  0  1  1  0  0  0  1  0  0  0  0  0  0  0  0  0  0  0  0  0  0  0  1  0  1  1  0  1  0  0  1  0  0  0  0  0  1  0  1  0  0  1  0  0  0  0  0  1  0  1  1  1  1  0  0  0  1  1  0  0  0  0  1  0  0  0  0  0  0  0  0  0  0  0  1  1  1  0  0  0  0  1  0  0  0  0  0  1  0  1  0  0  0  0  0  0  0 

 
Best Chrom For Test 16 :
0  0  0  1  0  0  0  0  0  0  0  1  0  0  0  1  0  0  1  1  1  0  0  0  0  0  0  0  0  0  0  0  0  1  0  1  0  0  0  1  0  0  1  1  0  1  0  1  0  1  0  0  0  0  1  0  1  0  0  0  0  1  0  0  0  0  0  0  0  0  1  0  0  0  0  0  0  0  0  0  1  0  0  0  0  0  0  0  0  0  0  1  0  1  1  0  0  0  0  1  1  0  1  0  0  0  0  0  0  1  0  0  0  1  1  0  1  1  0  0 

 
Best Chrom For Test 17 :
0  1  0  0  0  0  1  1  0  0  0  1  0  1  1  0  0  0  0  0  1  0  0  0  0  0  1  0  0  1  0  1  0  0  0  0  0  0  0  0  0  0  0  0  1  0  0  0  0  0  0  1  1  1  1  0  0  1  0  1  0  0  0  0  0  0  1  0  0  1  0  0  0  0  0  0  0  0  0  0  0  0  1  0  1  0  0  0  0  0  0  0  1  0  1  0  0  0  0  0  0  0  0  0  1  1  0  0  0  1  0  0  1  1  1  0  1  1  0  0  0  0  1  0  0  0  0  0  0  0  0  0  0  1  1  0  1  0  0  0 

 
Best Chrom For Test 18 :
0  0  0  0  1  0  0  0  1  1  1  0  0  0  1  0  0  0  0  0  0  1  0  1  0  1  1  0  0  0  0  1  0  0  0  0  0  0  0  1  1  0  0  0  0  0  1  0  1  0  0  0  0  0  0  1  1  0  0  0  1  1  0  0  0  1  0  0  1  1  0  0  0  0  0  0  0  0  1  0  0  0  0  1  0  0  1  0  0  0  1  0  0  0  0  0  0  1  0  0  0  1  0  0  0  0  0  0  1  0  0  0  0  0  0  1  0  1  0  1  0  1  0  0  1  1  0  0  0  0  0  0  0  0  0  0  0  0  0  1 

 
Best Chrom For Test 19 :
0  0  0  0  0  0  0  0  0  0  0  0  0  0  0  0  0  0  0  0  0  0  0  0  0  1  0  1  0  0  0  0  0  0  1  0  1  0  0  0  0  0  1  0  0  1  0  0  1  0  0  0  0  0  0  1  1  0  1  0  0  0  1  0  0  0  0  1  1  0  1  0  0  0  1  0  1  1  1  1  1  0  0  1  1  0  0  0  0  0  0  1  0  0  1  0  0  0  0  1  0  0  0  0  0  0  0  0  0  0  0  0  1  0  1  0  0  1  0  1  0  1  0  0  0  0  1  1  1  0  0  0  0  0  0  1  0  0  1  0  0  0  0  1  1  0  0  0  1  0 

 
Best Chrom For Test 20 :
1  0  1  0  0  0  1  0  0  1  0  0  0  1  0  0  0  0  0  0  1  1  0  0  0  0  0  0  0  0  0  0  0  0  0  0  0  0  0  0  0  0  0  0  0  1  0  0  0  0  0  0  1  0  0  0  1  0  0  0  1  0  0  0  0  1  0  1  1  0  0  0  0  0  0  1  0  0  0  1  1  0  1  0  0  0  0  1  0  0  0  0  0  1  0  0  1  1  0  0  1  0  0  0  1  0  0  0  0  0  1  0  0  0  0  0  1  0  1  0  1  0  0  0  0  0  0  0  0  0  0  0  0  0  0  0  1  0  1  1  0  1  0  1  1  1  1  1  0  0 

 
Best Chrom For Test 21 :
1  0  1  0  0  0  0  0  0  1  0  0  0  0  0  0  1  0  0  0  0  0  0  0  0  1  1  0  1  1  1  0  1  0  0  1  0  0  0  0  0  0  0  0  0  0  0  0  1  0  0  0  0  0  0  0  0  0  0  0  0  1  0  0  0  0  0  0  0  1  1  0  1  1  1  1  0  0  0  0  0  1  0  0  0  0  1  0  0  1  0  0  0  0  0  1  0  0  0  1  0  0  0  1  1  0  0  1  0  0  1  0  0  0  0  0  1  0  0  0  1  0  0  1  0  0  1  0  0  0  0  0  0  0  0  0  0  0  0  1  0  1  0  1  0  0  0  0  0  1  1  0  1  0  0  1  1  1  0  0  0  0  0  0  1  0  0  0  0  0  1  0  1  1  0  0  0  0  1  0 

 
Best Chrom For Test 22 :
0  0  1  1  0  0  0  0  0  0  0  0  0  1  1  0  1  1  0  0  0  0  0  1  1  0  1  0  0  1  1  0  1  1  0  0  0  0  1  1  0  0  1  0  0  0  0  0  1  0  0  1  0  0  1  1  0  0  0  1  0  0  0  0  0  0  0  1  0  1  0  1  0  1  0  0  1  0  0  0  1  1  0  0  0  0  0  0  0  1  0  0  0  0  0  1  0  0  0  0  0  0  1  0  0  0  0  1  0  0  0  0  0  0  1  0  0  1  0  0  0  0  0  0  0  0  0  1  0  0  0  0  0  0  0  0  0  1  0  1  0  1  0  0  1  0  0  0  0  0  0  0  0  0  1  0  1  0  0  0  0  0  1  0  0  0  1  0  0  0  0  0  0  0  0  1  0  0  0  1 

 
Best Chrom For Test 23 :
0  1  1  0  0  0  0  0  0  0  1  0  1  0  0  0  0  0  1  0  1  0  0  0  0  0  1  0  1  1  0  1  1  1  1  1  1  1  0  0  0  0  0  0  0  0  0  0  0  0  0  0  0  0  0  1  0  1  1  0  0  1  0  0  0  0  0  0  1  0  0  0  0  1  0  0  0  1  1  0  0  0  0  0  0  0  0  0  0  0  1  0  0  0  1  1  1  0  1  0  0  1  0  0  0  0  0  0  0  0  1  0  0  0  0  0  0  1  0  0  0  0  0  0  0  0  0  1  1  1  0  0  0  0  0  0  1  0  0  0  0  0  1  1  0  0  1  0  0  0  1  1  0  0  0  0  0  0  0  0  0  0  0  0  1  0  1  1  0  0  0  1  1  0  0  0  0  0  0  0  0  0  0  0  0  1  0  0  0  1  0  0  0  0  0  0  0  0  0  0 

 
Best Chrom For Test 24 :
0  1  0  1  0  0  0  0  0  0  0  1  0  0  0  0  1  0  1  0  1  0  0  0  0  0  0  0  0  0  0  0  0  0  0  0  1  0  1  0  0  0  0  1  0  1  0  1  0  0  0  1  0  1  0  1  0  1  0  0  0  0  0  0  0  0  1  0  1  0  1  1  0  0  0  1  1  1  0  0  0  0  0  0  1  0  0  0  0  0  0  1  0  0  0  0  1  0  1  0  0  1  0  0  0  0  1  0  0  1  0  0  0  0  1  0  1  0  0  0  1  0  0  0  1  1  0  1  0  0  1  0  0  0  0  0  0  0  0  0  0  0  0  1  0  1  1  0  0  0  0  0  0  0  0  1  0  0  1  0  1  1  0  0  0  1  0  0  1  1  0  1  1  0  0  0  1  0  0  0  0  0  0  0  1  0  0  0  0  0  0  0  0  0  0  0  1  0  0  1 

 
Best Chrom For Test 25 :
1  0  0  0  0  1  0  0  0  0  1  0  0  1  0  0  0  1  0  0  0  0  0  1  1  1  0  0  1  0  0  0  0  1  0  0  0  0  0  0  1  1  0  1  0  0  0  0  1  1  0  0  0  1  0  1  1  0  0  0  0  0  0  1  0  0  0  0  1  0  0  0  1  0  1  1  1  0  0  1  1  0  0  1  0  0  0  0  0  0  0  0  1  0  0  0  0  0  0  1  0  1  1  0  1  0  0  0  1  0  0  1  1  0  0  1  1  0  1  0  0  0  0  0  0  0  1  0  1  0  0  0  0  0  0  0  0  1  0  0  1  0  0  0  1  1  0  0  1  0  0  0  0  1  0  0  1  0  1  1  0  0  0  0  1  1  1  1  0  1  0  0  1  0  1  0  1  0  1  0  0  0  1  1  0  0  0  0  0  1  0  1  0  0  0  0  0  1  0  0  1  0  0  0  0  0  0  0  0  0  0  0  1  0  0  0  0  0  1  0  0  0  0  0  1  0  0  0  0  0  0  0  0  0  0  1  0  0  0  0  0  0  0  0  0  0  0  0  0  0  0  0  0  0  1  0  0  0  0  0  1  0  0  1  0  1  1  0  0  0  0  0  0  1  0  0  0  0  0  0  0  0  0  0  0  0  0  0  1  1  0  0  0  0  0  0  0  0  0  0 

 
Best Chrom For Test 26 :
0  1  0  0  0  0  0  1  0  1  0  0  0  0  0  0  1  0  0  0  1  0  0  0  1  0  0  0  0  0  0  1  1  0  0  0  1  1  0  0  0  0  0  0  0  0  0  0  0  0  0  0  0  0  0  0  0  0  1  0  0  0  0  1  1  1  1  0  0  0  1  0  0  0  0  0  0  0  0  0  0  0  0  1  0  0  1  1  0  0  0  0  0  0  0  1  0  0  0  0  0  1  1  0  1  1  1  0  1  0  0  0  0  0  0  0  0  0  0  0  0  1  0  0  0  0  0  0  0  0  0  1  1  0  0  0  0  0  0  1  0  1  1  0  0  0  1  0  0  0  1  1  0  1  0  1  1  0  1  0  0  0  0  0  0  1  1  0  0  0  0  0  0  0  0  0  0  0  0  1  1  1  0  1  0  0  0  0  0  0  0  1  0  0  0  0  0  1  0  0  0  0  0  1  1  0  0  0  0  0  0  1  0  1  0  1  0  1  1  0  0  0  0  0  0  0  1  0  0  0  0  0  0  1  0  1  0  0  1  0  0  0  1  0  0  1  1  0  0  0  1  0  0  0  0  0  0  0  0  1  0  1  0  0  0  0  0  1  0  0  1  0  0  1  0  0  0  0  1  1  0  0  0  1  0  0  1  0  0  1  0  1  0  1  0  0  0  0  1  0 

 
Best Chrom For Test 27 :
0  0  0  0  0  0  0  0  0  0  0  0  1  0  1  0  1  0  1  1  1  0  1  0  0  0  1  0  0  1  0  0  0  0  1  0  1  1  0  0  1  0  1  1  0  0  1  1  0  1  0  0  0  0  1  0  0  0  0  0  0  0  0  0  0  0  0  0  1  0  1  0  0  0  0  0  0  1  0  0  1  1  0  0  0  0  0  1  0  1  0  0  0  0  0  0  1  1  0  1  0  0  0  0  0  0  0  0  1  1  0  1  0  0  1  0  0  0  1  0  0  0  0  1  0  0  0  0  0  0  0  0  0  1  0  0  0  0  0  0  0  0  1  1  1  0  0  0  0  1  0  0  0  1  1  0  0  0  0  0  0  0  0  0  0  0  0  0  0  1  0  0  0  0  0  0  0  0  0  0  0  0  1  0  1  0  0  0  0  0  1  0  1  0  0  0  1  0  0  0  0  0  0  0  0  0  0  0  0  0  0  0  0  0  0  1  1  1  0  0  1  1  0  1  0  0  0  1  0  0  0  0  0  0  1  0  0  0  0  0  1  0  0  0  0  1  0  1  0  0  0  0  0  0  0  0  0  0  1  1  0  1  1  1  0  1  0  0  0  1  0  1  1  0  0  1  0  0  0  0  1  0  1  0  0  0  0  0  0  0  0  0  1  1  0  0  0  1  0  0  1  0  0  0  0  1  0  0  1  0  0  0  0  0  0  0  0  1  0  0  0  0  0  1  0  0  0  0  0  1  0  0  1  0  0  0  0  1  0  1  1  1  1  0  0  1  0  0  0  0  0  0  0  0  0  0  1  0  0  1  0  0  1  0  0  0  0  0  0  0  0  0  1  0  0  0  1  0  1  1  1  1  0  0  1  0  0  0  0  1  1  0  1  1  0  0  0  0  0  0 

 
Best Chrom For Test 28 :
0  0  0  1  1  0  0  1  0  0  1  0  0  0  1  0  0  0  1  0  0  0  0  0  0  0  1  0  1  1  0  0  0  0  0  1  0  0  1  0  0  1  0  1  1  0  0  0  1  0  0  0  0  1  0  0  0  0  0  0  0  0  0  0  0  0  0  1  0  0  0  0  1  1  0  0  1  0  0  0  1  0  0  1  1  0  1  0  1  1  0  1  0  1  0  0  0  0  0  1  0  0  0  0  0  0  0  0  0  0  1  0  0  0  0  0  0  1  0  1  0  0  0  1  1  0  0  1  0  1  0  0  0  1  1  0  0  0  0  0  0  0  1  1  0  0  1  0  0  0  0  1  0  1  1  0  0  0  0  0  0  0  0  0  0  1  0  1  0  0  0  0  0  0  1  0  0  0  0  0  0  0  0  0  0  1  0  0  0  0  0  0  0  0  1  0  0  0  0  0  0  0  0  0  1  0  0  0  1  0  0  1  0  0  0  0  0  0  0  0  0  0  0  0  0  1  0  0  0  0  1  0  0  0  0  0  1  0  1  0  0  0  0  0  0  0  1  1  0  1  0  0  0  0  0  0  0  0  0  0  0  1  0  1  1  0  0  1  0  0  1  0  0  0  1  0  0  0  0  0  0  0  1  0  0  0  0  0  0  0  1  1  0  0  0  0  0  1  0  0  0  0  1  0  1  0  1  0  0  0  0  0  0  1  0  0  0  0  0  1  1  1  0  0  1  0  1  0  0  1  0  0  0  0  1  0  1  1  0  0  0  0  0  0  0  0  0  1  0  0  1  0  0  0  0  0  0  0  1  0  0  0  0  0  1  1  0  1  0  0  0  1  0  0  1  0  1  0  1  0  1  0  0  1  0  0  0  0  0  0  1  0  0  1  0  1  0  0  0  1 

 
Best Chrom For Test 29 :
0  1  0  0  0  0  0  0  1  1  0  0  0  1  0  1  0  0  0  0  0  1  0  0  1  1  0  0  0  0  0  0  0  1  1  0  0  0  1  0  0  1  0  0  1  0  0  1  1  0  0  1  0  0  0  0  0  1  0  0  1  1  0  0  1  0  0  0  0  0  0  0  1  0  0  0  0  0  1  0  1  0  0  0  0  0  0  1  0  0  1  0  0  1  0  0  1  0  0  1  0  0  1  1  0  0  0  0  1  0  0  0  0  0  0  1  0  1  0  0  0  0  0  0  0  1  0  0  0  0  0  0  0  0  0  0  0  0  0  1  0  1  0  0  0  0  1  0  1  1  0  1  0  0  0  0  1  0  0  0  0  0  0  0  0  1  0  0  0  0  0  1  0  0  1  0  0  1  0  0  0  0  0  0  1  0  0  1  0  0  0  1  0  0  0  1  0  0  0  0  1  1  0  1  1  0  1  0  0  1  0  0  1  1  0  1  0  1  0  0  1  0  0  0  0  0  0  1  0  1  0  0  0  0  1  0  1  0  1  1  0  0  1  0  0  0  0  0  0  0  0  1  0  0  0  1  0  1  1  1  0  0  0  1  1  0  0  0  0  0  0  0  0  0  1  0  0  0  0  0  1  0  1  0  0  0  0  0  0  0  0  0  1  0  0  0  0  0  0  0  0  0  0  1  1  0  0  0  0  1  0  0  0  0  0  0  0  0  0  0  0  0  0  0  0  0  0  0  0  0  0  0  0  1  1  1  0  0  0  0  1  0  0  0  0  0  0  0  0  0  0  1  1  0  0  0  0  0  0  1  0  0  0  0  0  0  0  1  1  1  0  0  0  0  0  0  0  0  1  0  1  0  0  0  0  1  1  0  0  1  0  0  0  0  0  0  0  0  0  0  0  1  1  0  1  0  0  1  1  1  0  0  0  0  0  0  0  1  1  0  1  0  0  0  1  0  1  0  0  0  0  0  1  0  0  0  0  1  1  0  0  1  0  0  0  0  1  1  0  1  0  0  0  0  0  0  0  1  0  0  0  0  0  1  0  0  1  0  1  0  1  0  0  0  1  1  0  0  0  0  0  0  0  0  1  1  0  0  0  0  1  1  0  0  1  0  1  0  0  1 

 
Best Chrom For Test 30 :
1  0  1  1  0  1  0  0  1  0  0  0  0  1  0  0  1  0  0  1  1  0  1  0  0  0  0  0  0  0  0  0  0  0  0  0  0  0  1  1  0  0  1  0  0  0  0  1  0  1  1  1  0  0  0  0  0  0  0  0  0  0  0  0  0  0  0  0  0  0  0  0  0  1  0  0  1  0  0  1  0  0  0  1  0  0  0  1  0  1  0  1  0  0  0  0  1  0  0  1  1  1  0  0  0  1  1  1  0  0  1  1  0  0  0  0  0  0  0  1  0  0  0  0  0  0  0  1  1  1  0  0  1  0  0  0  1  0  0  0  0  0  0  0  0  0  1  0  0  0  0  0  0  0  0  0  0  0  0  0  0  0  1  0  1  0  0  0  0  0  1  0  0  0  0  0  0  0  0  0  0  1  0  0  0  0  0  0  1  1  0  0  0  0  0  0  0  0  0  0  0  0  0  0  1  1  0  0  0  0  0  0  0  0  1  0  0  1  1  0  0  0  0  0  1  1  0  0  0  0  1  0  0  1  1  0  0  0  0  0  0  1  0  0  1  0  1  1  0  0  0  0  0  1  0  0  0  0  0  0  1  0  0  0  0  0  0  1  0  0  1  0  0  0  0  1  1  0  1  0  0  0  1  1  0  0  1  0  0  0  0  1  1  0  0  0  0  1  0  1  0  0  0  1  1  0  1  1  1  0  0  0  0  0  0  1  0  1  1  0  1  0  0  0  0  0  0  1  0  0  0  1  0  1  0  0  1  0  1  0  0  0  0  1  0  0  0  0  0  0  0  0  0  1  1  0  0  0  1  0  0  0  1  0  0  1  1  0  0  0  0  0  0  0  0  0  0  1  0  1  1  0  1  0  0  0  1  0  0  0  0  1  1  0  1  1  1  1  0  0  1  0  0  0  0  0  0  1  1  0  0  0  0  0  0  0  1  0  0  0  0  0  0  0  1  0  0  0  1  0  0  0  0  0  1  0  1  0  1  0  0  0  1  0  0  1  0  0  0  0  0  0  0  0  0  0  0  0  0  1  1  0  0  1  1  0  0  0  0  0  0  0  0  0  0  0  1  0  0  0  0  1  0  0  0  0  0  0  0  0  0  0  1  1  0  0  0  0  0  1 
